Resultados do Grid Search OpenMax para Mnist (UUC[7, 8, 9]+ omniglot), com alpha = 5 e epsilon = 0.5

      tail  accuracy  UUC Accuracy  inner metric  outer metric  F1 macro  halfpoint
0     20.0   0.61320      0.410115      0.991272       0.61535  0.730137   0.472450
1    220.0   0.88590      0.839367      0.972528       0.88765  0.872582   0.748651
2    420.0   0.91915      0.902390      0.950351       0.92035  0.901293   0.804214
3    620.0   0.92750      0.926524      0.929317       0.92845  0.907457   0.817495
4    820.0   0.93125      0.941665      0.911861       0.93200  0.909505   0.822535
5   1020.0   0.92950      0.952041      0.887538       0.93005  0.904857   0.814790
6   1220.0   0.92725      0.960034      0.866218       0.92780  0.899668   0.806233
7   1420.0   0.92570      0.966182      0.850336       0.92610  0.895910   0.799973
8   1620.0   0.92260      0.971101      0.832308       0.92285  0.890088   0.789817
9   1820.0   0.91910      0.975252      0.814566       0.91930  0.883476   0.778690
10  2020.0   0.91540      0.978480      0.797968       0.91560  0.876599   0.767231
11  2220.0   0.90985      0.980555      0.778223       0.91000  0.866783   0.751036
Maior acuracia: 820.0
Maior F1: 820.0
Maior inner metric: 20.0
Maior outer metric: 820.0
Maior halfpoint: 820.0
Maior uuc accuracy: 2220.0
